;calix script written by pyFormex (example BeamFreq)
start
use program 'frame.cal'
endtext
 18 16 1 1
    1 0.000e+00 0.000e+00 0.000e+00
    2 0.000e+00 6.250e-02 0.000e+00
    3 0.000e+00 1.250e-01 0.000e+00
    4 0.000e+00 1.875e-01 0.000e+00
    5 0.000e+00 2.500e-01 0.000e+00
    6 0.000e+00 3.125e-01 0.000e+00
    7 0.000e+00 3.750e-01 0.000e+00
    8 0.000e+00 4.375e-01 0.000e+00
    9 0.000e+00 5.000e-01 0.000e+00
   10 0.000e+00 5.625e-01 0.000e+00
   11 0.000e+00 6.250e-01 0.000e+00
   12 0.000e+00 6.875e-01 0.000e+00
   13 0.000e+00 7.500e-01 0.000e+00
   14 0.000e+00 8.125e-01 0.000e+00
   15 0.000e+00 8.750e-01 0.000e+00
   16 0.000e+00 9.375e-01 0.000e+00
   17 0.000e+00 1.000e+00 0.000e+00
   18 0.000e+00 0.000e+00 1.000e+00

    2    0    1    1    1    1    0   15    1
   18    1    1    1    1    1    1
    1    1    1    1    1    1    1
   17    0    1    1    1    1    0

      3.d6     1.2d6      1.00     3000.      1.00     70.d4    110.d4
    1    1    1    2   18
    2    1    2    3   18
    3    1    3    4   18
    4    1    4    5   18
    5    1    5    6   18
    6    1    6    7   18
    7    1    7    8   18
    8    1    8    9   18
    9    1    9   10   18
   10    1   10   11   18
   11    1   11   12   18
   12    1   12   13   18
   13    1   13   14   18
   14    1   14   15   18
   15    1   15   16   18
   16    1   16   17   18

exec frame_ev
endtext
intvar name nnod 1
intvar name ndof 7
file open 'test.out' write seq 17
user printf '(i5)' nnod $17
user printf '(i5)' ndof $17
user printf '(5g13.4)' EIG $17
user printf '(5g13.4)' DISPL $17
file close $17
stop
