0
 11
1  1
1  1
1  1
 11

1
 11
1 1
  1
  1
 111

2
 11
1  1
  1
 1
1111

3
11
  1
11
  1
11

4
1
1 1
111
  1
  1

5
111
1
11
  1
11

6
 111
1
111
1  1
 11

7
1111
   1
  1
 1
 1

8
 11
1  1
 11
1  1
 11

9
 11
1  1
 111
   1
   1

A
 11
1  1
1111
1  1
1  1

B
111
1  1
111
1  1
111

C
 111
1
1
1
 111

D
11
1 1
1  1
1  1
111

E
1111
1
111
1
1111

F
1111
1
111
1
1

G
 111
1  
1 11
1  1
 11

H
1  1
1  1
1111
1  1
1  1

I
111
 1
 1
 1
111

J
1111
   1
   1
1  1
 11

K
1  1
1 1
11
1 1
1  1

L
1
1
1
1
1111

M
1   1
11 11
1 1 1
1   1
1   1

N
1   1
11  1
1 1 1
1  11
1   1

O
 111
1   1
1   1
1   1
 111

P
111
1  1
1111
1
1

Q
 111
1   1
1   1
1  1
 11 1

R
111
1  1
1111
1 1
1  1

S
 111
1
 11
   1
111

T
11111
  1
  1
  1
  1

U
1  1
1  1
1  1
1  1
 11

V
1   1
1   1
 1 1
 1 1
  1

W
1 1 1 1
1 1 1 1
 1 1 1
 1 1 1
  1 1

X
1   1
 1 1
  1
 1 1
1   1

Y
1   1
 1 1
  1
  1
  1

Z
11111
   1
  1
 1
11111

?
 11
1  1
  1
 0  
 1

!
1
1
1
0
1

.
0
0
0
11
11

,
0
0
0
11
 1

_
0
0
0
0
111

-
0
0
111
0
0

:
11
11
0
11
11

;
11
11
0
11
 1

"
11
0
0
0
0

'
1
0
0
0
0

 
000
000
000
000
000
